camera_matrix:
- [1118.418216237493, 0.0, 345.369862259469]
- [0.0, 1189.1265832451113, 281.4468923074672]
- [0.0, 0.0, 1.0]
dist_coeff:
- [0.19139312900593547, 0.05505385605125965, 0.001687796494103579, -0.0008599261343771367,
  -51.47287645814747]
