camera_matrix:
- [992.2030465290455, 0.0, 672.9783890677685]
- [0.0, 988.9628211272332, 322.06622116670366]
- [0.0, 0.0, 1.0]
dist_coeff:
- [-0.09502689555607022, 0.10223723893932801, -0.0036757148328838926, 0.0022448212909430294,
  0.058308034924238285]
