C:\Users\Gil\Desktop\3r GEINF\robotica\projectes\practica2>python
Python 3.7.2 (tags/v3.7.2:9a3ffc0492, Dec 23 2018, 23:09:28) [MSC v.1916 64 bit (AMD64)] on win32
Type "help", "copyright", "credits" or "license" for more information.
>>> from stereoCalibration import stereoCalibration
>>> src = stereoCalibration("images")
Tanto que xuto!! ... 3
Tanto que xuto!! ... 2
Tanto que xuto!! ... 1
Boom!
1
Intrinsic_mtx_1 [[456.06012094   0.         303.43590342]
 [  0.         454.34751433 230.4968496 ]
 [  0.           0.           1.        ]]
dist_1 [[ 1.14774159e-01 -2.96826950e+00  1.94430958e-03 -2.94757090e-03
   1.75990685e+01]]
Intrinsic_mtx_2 [[262.62731551   0.         340.37243631]
 [  0.         263.44509476 285.50890225]
 [  0.           0.           1.        ]]
dist_2 [[ 1.20710342e-01 -1.33461919e+00 -1.17168245e-03  1.20650890e-03
   3.94910043e+00]]
R [[ 0.99991201  0.00759923  0.01087284]
 [-0.00697778  0.99840104 -0.05609519]
 [-0.01128174  0.05601438  0.99836622]]
T [[  1.88307358]
 [ -1.13032025]
 [-13.85445348]]
E [[ -0.08392131  13.76898659  -1.90564172]
 [-13.83199011  -0.21076237  -2.03063438]
 [  1.11708112   1.88865219  -0.09334157]]
F [[-3.96582836e-07  6.53126874e-05 -1.90410339e-02]
 [-6.51622516e-05 -9.96640242e-07  1.56394897e-02]
 [ 2.01257814e-02 -1.95932756e-02  1.00000000e+00]]

Tanto que xuto!! ... 3
Tanto que xuto!! ... 2
Tanto que xuto!! ... 1
Boom!
2
Intrinsic_mtx_1 [[494.38606675   0.         316.05234233]
 [  0.         494.88266032 239.22795042]
 [  0.           0.           1.        ]]
dist_1 [[ 0.01945035 -0.35095892 -0.00401984 -0.00222417  0.9091802 ]]
Intrinsic_mtx_2 [[604.96523359   0.         328.21458653]
 [  0.         605.48373793 234.25858199]
 [  0.           0.           1.        ]]
dist_2 [[ 7.32717756e-02 -3.74069833e+00 -2.90085300e-03  1.33568812e-03
   3.57461898e+01]]
R [[ 9.98467499e-01  4.19571945e-04 -5.53396495e-02]
 [-3.31686226e-03  9.98627311e-01 -5.22732470e-02]
 [ 5.52417530e-02  5.23766922e-02  9.97098306e-01]]
T [[ 4.76512915]
 [ 1.42921729]
 [-1.62768009]]
E [[ 0.07355368  1.70030346  1.33998602]
 [-1.88841976 -0.25026463 -4.66122695]
 [-1.4428323   4.75798845 -0.16999639]]
F [[-4.78764903e-07 -1.10562624e-05 -1.51577433e-03]
 [ 1.22813011e-05  1.62595794e-06  1.07164089e-02]
 [ 2.96165277e-03 -1.54690446e-02  1.00000000e+00]]

Tanto que xuto!! ... 3
Tanto que xuto!! ... 2
Tanto que xuto!! ... 1
Boom!
3
Intrinsic_mtx_1 [[549.79882565   0.         321.04480814]
 [  0.         550.79516196 239.56411935]
 [  0.           0.           1.        ]]
dist_1 [[ 0.05332285 -0.87303278 -0.00470241 -0.0045764   3.05224111]]
Intrinsic_mtx_2 [[608.25290531   0.         319.30534757]
 [  0.         608.14122029 241.8891287 ]
 [  0.           0.           1.        ]]
dist_2 [[ 9.28061885e-02 -4.26962642e+00 -3.30499367e-03 -1.19477855e-03
   4.13558292e+01]]
R [[ 0.99916571  0.00269696 -0.04075057]
 [-0.00500496  0.99838202 -0.05664183]
 [ 0.04053188  0.05679853  0.99756258]]
T [[ 5.0986189 ]
 [ 1.43471257]
 [-4.23194637]]
E [[ 0.03697089  4.30658872  1.19151038]
 [-4.4350723  -0.30100744 -4.91373717]
 [-1.45903397  5.08650006 -0.23032975]]
F [[-3.16538128e-07 -3.68055431e-05  3.31013854e-03]
 [ 3.79792685e-05  2.57298237e-06  1.03251389e-02]
 [-1.48741209e-03 -1.53114864e-02  1.00000000e+00]]

Tanto que xuto!! ... 3
Tanto que xuto!! ... 2
Tanto que xuto!! ... 1
Boom!
4
Intrinsic_mtx_1 [[540.98567554   0.         313.54172653]
 [  0.         544.0968867  267.40859076]
 [  0.           0.           1.        ]]
dist_1 [[-0.02999241 -0.31701673  0.00156537 -0.01719168  0.73920776]]
Intrinsic_mtx_2 [[695.54080262   0.         322.59197102]
 [  0.         695.60690198 241.77779805]
 [  0.           0.           1.        ]]
dist_2 [[-2.17897325e-01  5.23139232e+00 -3.35487765e-03 -7.04922866e-04
  -3.53587456e+01]]
R [[ 9.99496686e-01  9.03978540e-03 -3.04081602e-02]
 [-9.05022736e-03  9.99959025e-01 -2.05775868e-04]
 [ 3.04050540e-02  4.80873062e-04  9.99537544e-01]]
T [[ 4.3474347 ]
 [ 1.26480339]
 [-0.85241568]]
E [[ 0.03074186  0.85298897  1.26404306]
 [-0.98417064 -0.00979622 -4.31950381]
 [-1.30351207  4.33582301  0.03756575]]
F [[-1.94514070e-07 -5.36628615e-06 -2.83083767e-03]
 [ 6.22658645e-06  6.16236804e-08  1.28154748e-02]
 [ 4.29395099e-03 -1.72562788e-02  1.00000000e+00]]

Tanto que xuto!! ... 3
Tanto que xuto!! ... 2
Tanto que xuto!! ... 1
Boom!
5
Intrinsic_mtx_1 [[532.86324174   0.         288.21377654]
 [  0.         534.2142945  248.8015874 ]
 [  0.           0.           1.        ]]
dist_1 [[-6.41626105e-01  1.10398920e+01 -2.10818540e-04 -2.53147342e-02
  -6.64576993e+01]]
Intrinsic_mtx_2 [[702.22556493   0.         322.54165305]
 [  0.         702.01038898 243.69078656]
 [  0.           0.           1.        ]]
dist_2 [[-7.77901169e-02  1.68179804e+00 -2.29352607e-03  2.00710552e-03
  -1.09866712e+01]]
R [[ 0.99705377  0.00517368 -0.07653116]
 [-0.00772383  0.99942341 -0.03306335]
 [ 0.07631597  0.03355705  0.99651884]]
T [[4.2649661 ]
 [1.15649766]
 [0.19124151]]
E [[ 0.08973636 -0.15232259  1.1587948 ]
 [-0.13480697 -0.14213026 -4.264755  ]
 [-1.18603222  4.25652363 -0.05250596]]
F [[-4.76003999e-07  8.05947438e-07 -3.33873087e-03]
 [ 7.15298964e-07  7.52249768e-07  1.16649526e-02]
 [ 4.39711316e-03 -1.62584463e-02  1.00000000e+00]]

Tanto que xuto!! ... 3
Tanto que xuto!! ... 2
Tanto que xuto!! ... 1
Boom!
6
Intrinsic_mtx_1 [[552.66595891   0.         313.44707259]
 [  0.         556.46924022 199.82837264]
 [  0.           0.           1.        ]]
dist_1 [[-0.20563161  2.16299503 -0.01976029 -0.01451211 -9.40570571]]
Intrinsic_mtx_2 [[707.29857753   0.         325.18053622]
 [  0.         710.57354514 195.23124364]
 [  0.           0.           1.        ]]
dist_2 [[ 1.36386364e-01 -2.37899357e+00 -2.41150541e-02  2.16932767e-03
   1.16639840e+01]]
R [[ 9.99537167e-01  3.36787884e-04 -3.04193887e-02]
 [-1.73379754e-03  9.98944062e-01 -4.59102857e-02]
 [ 3.03718057e-02  4.59417779e-02  9.98482302e-01]]
T [[ 4.23156362]
 [ 0.94273417]
 [-0.81938686]]
E [[ 0.02721189  0.86183252  0.9036851 ]
 [-0.94752785 -0.19468152 -4.20021614]
 [-0.94963451  4.22677785 -0.1655949 ]]
F [[-1.64270504e-07 -5.16708186e-06 -1.93093473e-03]
 [ 5.69359595e-06  1.16182558e-06  1.19317418e-02]
 [ 2.99656339e-03 -1.64705793e-02  1.00000000e+00]]

Tanto que xuto!! ... 3
Tanto que xuto!! ... 2
Tanto que xuto!! ... 1
Boom!
7
Intrinsic_mtx_1 [[552.7845325    0.         325.5996523 ]
 [  0.         553.38033787 226.4375719 ]
 [  0.           0.           1.        ]]
dist_1 [[ 0.01049841 -0.72029069 -0.0066829  -0.00482338  3.35595939]]
Intrinsic_mtx_2 [[716.05701087   0.         322.72959589]
 [  0.         715.81050034 226.28044108]
 [  0.           0.           1.        ]]
dist_2 [[-6.28583729e-02  1.50228499e+00 -8.60608755e-03  1.38308225e-03
  -1.02267778e+01]]
R [[ 0.99997486  0.00533636 -0.00467031]
 [-0.00552519  0.99912733 -0.04140112]
 [ 0.0044453   0.04142588  0.99913169]]
T [[ 4.22606582]
 [ 0.96299112]
 [-0.65319987]]
E [[ 6.71729719e-04  6.92522597e-01  9.35111741e-01]
 [-6.71969579e-01 -1.78554220e-01 -4.21934565e+00]
 [-9.86316743e-01  4.21723899e+00 -1.70466396e-01]]
F [[-4.01068631e-09 -4.13038220e-06 -2.14975869e-03]
 [ 4.01350013e-06  1.06530986e-06  1.23827346e-02]
 [ 3.30996766e-03 -1.69188250e-02  1.00000000e+00]]

Tanto que xuto!! ... 3
Tanto que xuto!! ... 2
Tanto que xuto!! ... 1
Boom!
8
Intrinsic_mtx_1 [[552.88695476   0.         325.67885787]
 [  0.         553.3642847  228.27230145]
 [  0.           0.           1.        ]]
dist_1 [[ 0.01916822 -0.79831173 -0.00578979 -0.00425165  3.66007806]]
Intrinsic_mtx_2 [[715.98113638   0.         321.13999516]
 [  0.         715.52959118 229.00604765]
 [  0.           0.           1.        ]]
dist_2 [[-8.52550757e-02  1.82850330e+00 -6.81300364e-03  1.17448242e-03
  -1.19636927e+01]]
R [[ 0.99998056  0.00576578 -0.00237491]
 [-0.00586032  0.99910311 -0.04193596]
 [ 0.00213098  0.04194906  0.99911748]]
T [[ 4.22839179]
 [ 0.96773675]
 [-0.67474362]]
E [[-1.89198270e-03  7.14734104e-01  9.38586675e-01]
 [-6.83741137e-01 -1.81267498e-01 -4.22305768e+00]
 [-9.92497661e-01  4.21901964e+00 -1.75023385e-01]]
F [[ 1.13448042e-08 -4.28202862e-06 -2.13787501e-03]
 [ 4.10247113e-06  1.08667326e-06  1.24251785e-02]
 [ 3.31785995e-03 -1.69712075e-02  1.00000000e+00]]

Tanto que xuto!! ... 3
Tanto que xuto!! ... 2
Tanto que xuto!! ... 1
Boom!
9
Intrinsic_mtx_1 [[553.05108829   0.         325.28402862]
 [  0.         553.43548496 229.04514679]
 [  0.           0.           1.        ]]
dist_1 [[ 2.69399710e-02 -8.40024365e-01 -5.60650018e-03 -3.70024621e-03
   3.81608422e+00]]
Intrinsic_mtx_2 [[715.77939461   0.         320.93014717]
 [  0.         715.04628835 231.16801205]
 [  0.           0.           1.        ]]
dist_2 [[-7.87343368e-02  1.48413376e+00 -5.46394481e-03  1.81839025e-03
  -9.50831345e+00]]
R [[ 0.99997805  0.00591416 -0.00298585]
 [-0.00603848  0.99903496 -0.04350495]
 [ 0.00272567  0.04352202  0.99904875]]
T [[ 4.23479317]
 [ 0.96691447]
 [-0.69235894]]
E [[-1.54530437e-03  7.33772866e-01  9.35873652e-01]
 [-7.03886409e-01 -1.88401484e-01 -4.22869755e+00]
 [-9.92464968e-01  4.22498796e+00 -1.81347395e-01]]
F [[ 9.25068409e-09 -4.38954711e-06 -2.09603892e-03]
 [ 4.21800832e-06  1.12820345e-06  1.23840113e-02]
 [ 3.27455925e-03 -1.69430732e-02  1.00000000e+00]]

Tanto que xuto!! ... 3
Tanto que xuto!! ... 2
Tanto que xuto!! ... 1
Boom!
10
Intrinsic_mtx_1 [[553.05486348   0.         324.3926378 ]
 [  0.         553.45015689 229.8780157 ]
 [  0.           0.           1.        ]]
dist_1 [[ 3.58530635e-02 -9.48637868e-01 -5.26278465e-03 -3.87420281e-03
   4.29571670e+00]]
Intrinsic_mtx_2 [[715.35935416   0.         321.6634394 ]
 [  0.         714.60277722 231.54998339]
 [  0.           0.           1.        ]]
dist_2 [[-6.14052418e-02  9.93783844e-01 -4.92704324e-03  2.57797233e-03
  -6.33308179e+00]]
R [[ 0.99996558  0.00601564 -0.00571376]
 [-0.00625317  0.99907669 -0.04250486]
 [ 0.00545279  0.04253912  0.99907992]]
T [[ 4.23885796]
 [ 0.96565357]
 [-0.70508252]]
E [[ 8.56509219e-04  7.45509567e-01  9.34795664e-01]
 [-7.28171856e-01 -1.84558831e-01 -4.23092921e+00]
 [-9.92126618e-01  4.22913516e+00 -1.74654545e-01]]
F [[-5.12417102e-09 -4.45691648e-06 -2.06676613e-03]
 [ 4.36098933e-06  1.10452530e-06  1.23451951e-02]
 [ 3.23789006e-03 -1.69087327e-02  1.00000000e+00]]

[ WARN:0] terminating async callback
